3.0000005704179618
2.9971572599708485
2.986533565868258
2.970362326767252
2.9510269861795058
2.929886662809903
2.909089245719746
2.8872470612972507
2.864704542857978
2.84167086692183
2.8182797601719387
2.7946205248770704
2.7715242533380495
2.7483926340282396
2.7261055983658364
2.703250101171074
2.6792543770719934
2.6541114815764506
2.627950389880787
2.601609818970517
2.5744461907658414
2.5465705879636036
2.518075580900321
2.4890385190037296
2.4595244292487677
2.4295883482530862
2.3997956810909136
2.369631061744532
2.339132967912117
2.3083347470127054
2.2772654435934907
2.245950471638709
2.214412164651074
2.1826702286627615
2.151142117588078
2.119421123795326
2.0875228864238053
2.055461398387628
2.023608191789203
1.9915976455206987
1.959441272240902
1.9271586288876146
1.89481589881627
1.8625347125793927
1.8304490235373356
1.7986814760166367
1.7675122277427564
1.7368185615741565
1.706661688975178
1.6770913078967253
1.6482479094094564
1.6199538705262928
1.5924030698430265
1.5655197804366172
1.5393078523052806
1.513766473689204
1.4888915911806586
1.4646760551653268
1.441110156448904
1.4181821866585715
1.3959027836707998
1.37422912252726
1.3531448591609097
1.3326336380796207
1.3126791786211955
1.2932650453367798
1.2743852854041482
1.2560113548178324
1.2381268387714823
1.2207229291305548
1.2037759759363593
1.1872707024694746
1.1711923378904656
1.155526571232443
1.1402595221039753
1.1253777384132797
1.1108709082855137
1.0967233261904796
1.0829227749734271
1.0694575258202546
1.0563163278862517
1.0434883432060722
1.0309631373619872
1.0187316995091515
1.0185225353534348
1.0185262514726845
1.0186689233823012
1.018836672278627
1.0189912582359715
1.0189952315459752
1.0189779108056038
1.018840586760559
1.0184340019775786
1.017788335841274
1.016738646615658
1.0152293069256055
1.0131724413781205
1.0105220799909729
1.007053047727424
1.0029289622393593
0.9977676388936781
0.9917710958808723
0.9849600037564845
0.976932901348704
0.9680934336663196
0.9600368795893635
0.9531245238836129
0.9473183566018437
0.9430467888993936
0.9396979301944366
0.9376618855040476
0.9364188765079378
0.9358224097895327
0.9362670111610985
0.9372187906724558
0.9390078230939705
0.9412130301217465
0.9436791360714735
0.9466246662290554
0.949646707758838
0.9528679346999347
0.9559835055430148
0.9589229467580302
0.9616885015602723
0.9641889954534726
0.9662798685673247
0.9678887543142953
0.9690581544386461
0.9696055730102503
0.9695972860780516
0.9689753701201046
0.967877078011837
0.9663707420535769
0.9645475452536101
0.9625892579905709
0.9606494704047871
0.9587191884315054
0.9568735519185363
0.9553725476647199
0.9540351561235886
0.9531364969856942
0.9523799520158495
0.9517406971436608
0.9513492097427145
0.9510308197975621
0.9507777726016279
0.9504162317235082
0.9498973616059456
0.9491544072333704
0.9481606756691474
0.9467296424632601
0.9448793611784648
0.9425754204045463
0.9395902663391877
0.9360940541694179
0.9317602677132566
0.9268576836315696
0.9214837475359154
0.9164979554846843
0.912206617941985
0.9089775597270836
0.9064438487306258
0.9045342670990206
0.9035305158990065
0.9030485020180694
0.9033849238247487
0.9041558112671846
0.9052896790201082
0.9069838595283203
0.9089095137060413
0.9112116385600938
0.9136253851522369
0.916153388228052
0.9188269183858085
0.9214590739403077
0.9240767700856264
0.9265640099465808
0.928897491855608
0.9310706968534056
0.9330633320709028
0.9349075403176934
0.9365884586247719
0.938113741032987
0.9395199022765056
0.9408268600110395
0.9421507769362742
0.9434288983010204
0.9446699374093804
0.9460090385686721
0.9473993998307656
0.9489649088799003
0.9505487431753105
0.9521431772854354
0.9538899807987657
0.955683656206611
0.9575674960609915
0.9593950136974378
0.9611353532023568
0.9628039739475637
0.9642951346584259
0.9656131146691486
0.9666519292985004
0.967381158495838
0.9676761636703023
0.9675674436468829
0.9668968903651591
0.9657560441310816
0.9641706563967608
0.9619335809464525
0.9592691672050246
0.9562711445525465
0.9530965324292074
0.9500474292275068
0.9474876406565714
0.9453249893488882
0.9435707920741014
0.9424318691916419
0.9416181830689484
0.9413198082530442
0.9412731023591236
0.9414390345017435
0.94200445747523
0.9427086645533848
0.9436365082734317
0.9445994361511233
0.9456041767008272
0.9466510670632388
0.9476138904920269
0.9484976504078234
0.9492298378233504
0.94979414358775
0.9502126895891054
0.9504471410886177
0.9505131770390314
0.9504219183380994
0.9501948861054604
0.949900531097722
0.9495488754680659
0.9492529823814001
0.9489699124428335
0.9487335464085186
0.9487203748123477
0.9487799885786999
0.9490396373559897
0.9493681174163253
0.9497568876657322
0.9503372188672449
0.9509285784633649
0.9515869764450443
0.9521920578921533
0.9527169746390011
0.9531512553372948
0.9534270371896835
0.9534886797658646
0.953340179871945
0.9529188246832277
0.9521233343695092
0.9509967215954561
0.9493920999176455
0.947410441042522
0.945058698181848
0.9421884187746553
0.9390287061707618
0.9360473091256735
0.933459540933039
0.931288746803888
0.9297235671449329
0.9285198355768408
0.9278433906558539
0.9274855684980137
0.927412665625502
0.927750851407627
0.9282890075064272
0.9291345093739193
0.9300973118442816
0.9311450743854717
0.9323490865100115
0.9336021957164086
0.934909197778882
0.9361730722047675
0.9373740494079635
0.9385127953563339
0.9395534996691518
0.9404993192714368
0.9413591363780749
0.942133505731377
0.9428396678900652
0.9434761537903807
0.9440916302479776
0.9446766702304857
0.945242369702709
0.945902199713081
0.9465948659973638
0.9474189546560683
0.9482687023206655
0.9491462694648763
0.9501594390984702
0.9512347720319198
0.9524210864419737
0.9536097134120608
0.9547831002625814
0.9559747051899142
0.9571250081076282
0.95817101312825
0.9591070084958626
0.9598784680547244
0.9604469754528869
0.9607991122209415
0.9608299236321244
0.9606013090345097
0.9600694291235864
0.9591339620230945
0.9578725975920358
0.956223347813402
0.9543355937641843
0.9523118387466855
0.9503420477324335
0.948545117138079
0.9471351604909911
0.9459955556651923
0.9450929660903609
0.9445646154172841
0.9442395967535313
0.944267789450618
0.9444443736206556
0.9447410773516608
0.9452465505437485
0.9458158319917414
0.9465080973449219
0.9472342641342258
0.9479449009365183
0.9486556509809216
0.9492973941324484
0.9498703254827416
0.9503414422817108
0.9507299681623138
0.9510134729394124
0.951192199412875
0.9512798886780633
0.9512814699763754
0.9512272694109632
0.9511879568515688
0.9511694344237387
0.951246145843249
0.9513534339719685
0.9514934502808831
0.9517687258109037
0.9520851655218021
0.9525296497876959
0.953030900801302
0.9535490640691757
0.9541426887270691
0.9547181366010076
0.955326581304116
0.9558640224060005
0.9563173719805467
0.9566604236473664
0.9568591353397377
0.9568592649566722
0.9566828732863268
0.9562831920322611
0.955575995894532
0.9546056970667977
0.9532640195162976
0.9516385136358504
0.9497542828947275
0.9475221420507448
0.9452588172874894
0.9433445882690211
0.9417163310327974
0.9403657782787568
0.9394319264025337
0.938747619060119
0.9384458311403429
0.9383433993894796
0.9384093239340215
0.9387609765434559
0.9392343069308107
0.9398953887089573
0.9406175828639682
0.9413816167626965
0.9422261720542091
0.9430850716288196
0.9439530366718071
0.9447724350709402
0.9455316917436847
0.9462292339159017
0.946854170430458
0.9474041136375839
0.9478812159847161
0.9483020051660839
0.9486859619803503
0.9490455657905751
0.9494119000679114
0.9497873177901627
0.950176093056222
0.9506741222204963
0.9512092830309195
0.9518496610445268
0.9525158944533962
0.9532125060495509
0.9540125530166709
0.9548334981113699
0.9557267780609611
0.9566331213157343
0.9575132675246038
0.9583907539596365
0.959201262369804
0.9599235603925013
0.9605241293417794
0.9609823218549114
0.9612421890806299
0.9613318765287673
0.9611577066219879
0.9607632607752439
0.960131676342516
0.9591835130547521
0.9580015696588013
0.9565963455579544
0.9550783241321849
0.9535681105207335
0.9522483074762728
0.951099434496867
0.9502476476560914
0.9495754213945878
0.9490823036678449
0.948878615277116
0.9488146573190706
0.9489670486914249
0.9492162620493197
0.9495453806698718
0.9500053548810622
0.9505159670607746
0.9510877654221183
0.9516441072139485
0.9521687282485594
0.9526673526364294
0.953099650393672
0.9534619337996749
0.9537367151994128
0.9539403768559803
0.9540586857117752
0.9540988740663682
0.9540800290711087
0.9540099753168495
0.9539031862285887
0.9538222323064186
0.953769925516364
0.9538050362668232
0.9538741145441101
0.9539788203895994
0.9541988214568844
0.9544596202598504
0.9548188147824272
0.9551989361685513
0.9556111074412265
0.956068162435446
0.9565058193252277
0.9569286913592963
0.9572925586631921
0.9575798613365509
0.9577737610121242
0.9578409168370293
0.957731706599883
0.9574575373270868
0.9570062942008524
0.9562893667884439
0.9553608474240817
0.954126772089037
0.9526734271330862
0.9510196523076513
0.9492374594340588
0.9476047784475703
0.9462999097824162
0.9452221790757183
0.9443625174446327
0.9438231990590398
0.9434834622798461
0.9434342516552169
0.9435448244334679
0.9437970075175519
0.9442596037342016
0.9448258414653713
0.9455542192969482
0.9463440553143179
0.9471766963506801
0.9480705650124054
0.9489674590250706
0.9498774787572911
0.950756716317189
0.9515954054552962
0.9523789507043882
0.953104398124715
0.9537591833194488
0.9543609008050129
0.9549090656812743
0.9554078826166453
0.9558780583950481
0.9563403922508577
0.9568092379715712
