3.0000005704179618
2.9976457610466776
2.990032686346026
2.9759844303850853
2.9580692520511276
2.93790940206199
2.9163936969750375
2.8940132790192883
2.872163193233356
2.8496836015839233
2.826745870229597
2.803464456055295
2.7799186511507363
2.7563444118961655
2.7342463536892314
2.711933927033686
2.688547704766689
2.6639822296242093
2.6383470476838595
2.611782723556309
2.584416879986173
2.55699381399148
2.5289120448942977
2.5002537978870265
2.4710882212873426
2.441473845634652
2.4114605355549252
2.381091033521693
2.350402186848679
2.3194259299662074
2.28864168965965
2.257593964373336
2.2263067072864744
2.1948010535577365
2.163095722899232
2.1312073550550936
2.099150790878207
2.0673077300790523
2.035302774961905
2.003148067600615
1.9708545654764602
1.9384321825010749
1.9059001621353062
1.8733430610372301
1.8411804397942613
1.8092258098591414
1.777599700079869
1.7467495198964045
1.7168905608223384
1.6881547008688889
1.6606247721964507
1.6343724829212811
1.609418856401476
1.5857389822723347
1.5632837455577202
1.5419938851663082
1.5217337707994478
1.5024997335568322
1.4842195894660404
1.4668233045485186
1.4502304633587528
1.4343698887281078
1.419163199889348
1.404545515056268
1.3904607966727884
1.3768384884421914
1.3636354591587228
1.3507859653737904
1.3382286654999653
1.3259439172203589
1.3138528274505714
1.3019110165806649
1.2900754956167466
1.2783225060225727
1.2666409409730077
1.2550598221690294
1.2435199478322
1.2320038383671925
1.2205103365233398
1.2090451029775684
1.197604835537168
1.1862006586897584
1.1748401273390814
1.1635792075586076
1.1595960995856003
1.1560168523398329
1.1529711162226015
1.1505603847806731
1.1489709917267465
1.1480623346103151
1.1479839204788838
1.1484672975438048
1.149425987444661
1.1508322507954842
1.1524658680802558
1.1541666386182603
1.1558320634616517
1.1573555709344934
1.1584487602706608
1.1591577396446027
1.1591105889340947
1.1584812758272824
1.1572012752231913
1.154831098096705
1.1517194403666038
1.1474238772940992
1.1424024333408513
1.1367208741554498
1.1301747136130982
1.1233638365978644
1.1166265028314453
1.1103930567492724
1.1048397342279146
1.1003543284333213
1.0966610782877761
1.094036804649514
1.0920922863810008
1.0907508488050364
1.090164497652984
1.0899813901565452
1.0902535575394883
1.0907021385675462
1.091231205731584
1.0917862090409762
1.092220587905873
1.092387713111035
1.0922691808857168
1.0918181091611814
1.0908410840933922
1.089480929230151
1.0875427268069189
1.0852527229686155
1.0826780317482703
1.0797877895333157
1.076834655563498
1.0739703673747385
1.0713753974302627
1.0691539057948967
1.067500008743589
1.0663325481099823
1.0658102206160436
1.0657541297739173
1.0661271342020595
1.066966268504999
1.0681043100937433
1.0695348901038944
1.071100977630192
1.0727283212967997
1.0742990311703067
1.075751140719282
1.0769060172517053
1.0777875324349337
1.078335532897662
1.0782811741003404
1.0777739505367006
1.0765112013123321
1.0747204095052847
1.0723882785718466
1.0692308679586038
1.0655902029674016
1.0613326398812433
1.056911639397969
1.0525614767302414
1.0486048466269382
1.0451413899503017
1.0424397846467512
1.0402846386849198
1.0386454157259155
1.037693523110914
1.0371559403435597
1.0371393845378398
1.0373973031602672
1.0378637752249593
1.0385495116857704
1.0392886849943452
1.0400410597322707
1.040701039196405
1.0412153588823037
1.0414665993923187
1.0414864203127991
1.0411185610886182
1.0404567751448497
1.0395063743272868
1.0381587108110417
1.0365932908130846
1.0347915420926426
1.0329524059379322
1.0311534462602336
1.0295368013370678
1.028175187479558
1.0272167551859335
1.0266056971753803
1.026346392586127
1.0265092247262653
1.026979535376854
1.0278076720578615
1.0288516967182293
1.0300504304472482
1.0313859743328213
1.0327655638412725
1.0341015150588717
1.0353506078804553
1.0364576376036214
1.0372654355004702
1.0378205195893802
1.0379203049529486
1.0376733726455099
1.037051538296756
1.0358227281872654
1.0341823648714457
1.0321363670956023
1.0294951766811717
1.0265547419618009
1.0233473040913577
1.0202145058882552
1.0173179544162019
1.0149080255735314
1.012897373437206
1.0114767888454088
1.0104497813088467
1.0097849670759176
1.0095930781465732
1.0096713848678178
1.0100788622107566
1.010648292543654
1.0113236547271576
1.012091086491549
1.0128458749025535
1.0135274786352457
1.014088913968569
1.0144935193689237
1.014650416035077
1.01458676944717
1.014188010825561
1.0135496240151518
1.0126872486051504
1.0115370460652358
1.0102461040124975
1.0088420522485058
1.0074739727450004
1.0062229274247945
1.0052058733190574
1.004412508060143
1.0039774570996989
1.0038281320926044
1.0039583083853663
1.0044285610326251
1.0051235443505437
1.0060655297900136
1.007148459361
1.0083224721224917
1.009554433673456
1.0107856984857706
1.0119281054483724
1.0129629508470837
1.0138537610015619
1.0144564846751556
1.0148278372151898
1.0147942836963562
1.0144620108904614
1.013812800090098
1.0126585595050925
1.0111690377276197
1.0091902527661942
1.0069505337208944
1.0045351572766679
1.0020374493990536
0.9996966182403054
0.9977187106583386
0.996058922457392
0.9947159829190702
0.9938273495859962
0.993230834428875
0.9930155340213437
0.9930198648238948
0.9932094983233709
0.9936152771328214
0.9941133041046954
0.994692312484577
0.9952673869624888
0.9958008525265285
0.9962414095958707
0.9965650706145871
0.9966871758284124
0.9966399530060832
0.9964146596514197
0.9959275185427284
0.9952719810664191
0.9944004836742348
0.9934360710845986
0.9924218634843542
0.9914146694028427
0.9905031130555688
0.9897817130571344
0.9892563565244338
0.9889463017359893
0.9889109847220562
0.98909088716383
0.9895383416221251
0.9901605877688898
0.9909307934345678
0.9918482378223651
0.9928322469790138
0.993854036041296
0.9948662244435423
0.9958322684499628
0.9966634430704209
0.9973663919834699
0.9978222603674368
0.9980787379576104
0.9981108125128381
0.9977675288952023
0.997156018306241
0.9961217584998308
0.9948118127260613
0.9932393275707668
0.9913322349072023
0.9893152075175721
0.9873185729447758
0.9854951082459481
0.9838986420881032
0.9826851297161606
0.9817504054682422
0.9812011887248376
0.9808956581997238
0.9808080802143492
0.9809994503922406
0.9813400127551722
0.9818587073052467
0.9824469063062203
0.9830690339551845
0.9837007684626397
0.9842880152456646
0.9847767455757983
0.9851620538090693
0.9854136393342218
0.9854542624889079
0.9853278858508456
0.9849628812611722
0.9844351711967818
0.9837655593914504
0.9829323069487808
0.9820471446020068
0.9811594182538924
0.9803520588178691
0.979658995799238
0.9791787779027467
0.9788901696599516
0.9788650654562554
0.9790356156696446
0.9793906546423049
0.9799502444821907
0.9806464795172739
0.9814822109886309
0.9823903945200374
0.9833410309925482
0.9842882354689901
0.9852038986980384
0.9860115522196109
0.9867138845582843
0.987286096894855
0.987614608429643
0.9877551842117694
0.9875765669889724
0.9871691379027518
0.9865243205381754
0.9855082567186517
0.9842618175752211
0.9827029003177473
0.9810179389942069
0.9792993586899813
0.9776865505605916
0.9762544775651739
0.975130203947328
0.9742323093681107
0.9735588001028139
0.9731923227043204
0.9730144814183274
0.9730775741806711
0.9732717500175851
0.9735691569197805
0.9739793669151917
0.974429824528155
0.9748958614847844
0.9753307428679802
0.9757094020946714
0.9759796951555519
0.9761509412262951
0.9761517467227344
0.9760207806122719
0.9757580120049594
0.9753098692386415
0.9747560568642444
0.9740826241577445
0.9733729391431781
0.9726780498093716
0.9720532522653792
0.9715376524843597
0.9712014023803304
0.9710112790760271
0.9709854009356824
0.9711720378180568
0.9715074322483108
0.9720101451582509
0.9726217214137151
0.9733204951376454
0.9740889881782685
0.9748858212912199
0.9756710356504076
0.9764206160769798
0.9771082410069104
0.9776557153181464
0.9780832689957468
0.9782913469711603
0.9783293868733406
0.9781814492283762
0.9777308062469141
0.9770708614713193
0.9760918305194783
0.9749153476805651
0.9735753514969774
0.9720789490081252
0.9706014039025856
0.9692806378584669
0.9681438472791102
0.9672042540417843
0.9665637116295989
0.9661246682581317
0.9659573676975758
0.9659538711309362
0.9660922952306954
0.9664072948220381
0.9668117367776249
0.9673096710939192
0.9678318215598184
0.9683516091667377
0.9688402184092699
0.9692702677463736
0.9695991459330361
0.969823945793512
0.9699313474959635
0.9698608667271248
0.9696592248529661
0.969275828187722
0.9687839297693068
0.9682063301189034
0.967550065854593
0.9668971672596988
0.9663044766832115
0.9658118270911171
0.9654471469016596
0.9652714021095978
0.9652372833556253
0.9654035339474225
0.9657118104929384
0.9661492154863639
0.9667291883958751
0.9673936787358406
0.9681277312221447
0.9688936068260781
0.9696665933166336
0.9704014086450161
0.9710774490730375
0.9716223919061506
0.9720536195737027
0.9723571120227955
0.9724436480701654
0.9723690891678223
0.9720302024060191
0.9715082424013761
0.9707972521692048
0.9697797728879985
0.968561796050943
0.9670311689051594
0.9653103873026486
0.9634633481723132
0.9617641237659091
0.9602537013637614
0.9590357986250915
0.9579988180978203
0.9571322413285913
0.9565050878261225
0.956017651689371
0.9557127000002898
0.9555044307722063
0.9553768201839494
0.9553431425684487
0.9553484186818988
0.9553850149262026
0.955422890919294
0.9554498272699321
0.9554380558477145
0.9553912274177192
0.9552783099386555
0.9551233896780392
0.9549270019495275
0.9546772289843358
0.9544109065259772
0.9541389662026535
0.9538902886014542
0.9536824229629424
