3.0000005704179618
3.0000005704179618
3.0000005704179618
2.9989363348188833
2.994315613145451
2.9844630539191113
2.970664060861633
2.9541560220506398
2.935782760478612
2.9160894446083394
2.895432569035517
2.87488545547556
2.853653384884132
2.831883064182719
2.8096821259660234
2.7872390870669848
2.7655370021338657
2.743468075936398
2.7210643722404257
2.6975132797898667
2.6729009543315563
2.647351795378097
2.620982752244487
2.5938949587437334
2.5667343024127853
2.5389706625438597
2.510671007084044
2.4818927584546
2.452685424267514
2.4235585791980565
2.3940528209730574
2.364203672654794
2.3340423515124087
2.3035964022035746
2.2728902214277737
2.2423343840289953
2.2115383216252056
2.180520999348507
2.149299437189314
2.117888953138596
2.086303370749709
2.05489438174193
2.02338151749717
1.9918617676813881
1.9604419230744656
1.9292216180207884
1.8984900316544417
1.868094539854371
1.8380948218497628
1.8085406526387344
1.7794710246689855
1.750921702397367
1.7229187976072622
1.6954875964911427
1.6687233977379845
1.6425462456869317
1.6169668460688642
1.591995756136304
1.5676540758500945
1.5439575065888111
1.5209404341682449
1.49859253903413
1.4769312073116416
1.4559776990391424
1.4357395177700354
1.4162225046987689
1.3974275465424952
1.3793058951801915
1.3618814732530133
1.345144678697954
1.3290849960716864
1.3136834529793957
1.2988808104020177
1.284701631703188
1.271125320862811
1.2581393019348104
1.245722623966993
1.2338614717011593
1.222488374495488
1.2116298604063513
1.2012783270183363
1.1914154989533925
1.182029279798716
1.173101145316326
1.1642893628678332
1.1549659012277915
1.1454259266960674
1.1357405654240316
1.1256585462092235
1.1155027772355683
1.1051080492288992
1.0947758737301394
1.0845528280548213
1.0745445936973002
1.0648765579771367
1.0556934866152696
1.04692629623809
1.0385772769490957
1.0307736435324437
1.023364087069558
1.0164617599414247
1.009918273954612
1.003715525368481
0.9979335709033333
0.9924447869338502
0.9873076365053718
0.9824219362578634
0.9777759088111282
0.9733875683344169
0.9691788745326821
0.9651606338789179
0.961299897960424
0.9575885206896642
0.9539836441340451
0.9504872939434326
0.947015660193227
0.9436216506182853
0.9403007983752146
0.9369598189544744
0.9336561142366305
0.9302908900416932
0.9269086488364374
0.9235383256045291
0.9200588507657537
0.9165691023527601
0.9129500380784357
0.9093115945669006
0.905621694991781
0.9017909082624882
0.8979377447615305
0.89395949479414
0.8899689679667226
0.8859735199591174
0.8818964845597431
0.8778161187902124
0.8737194280770467
0.8696737077740448
0.8656924392627934
0.8617894497651164
0.8579823899190552
0.854322396672739
0.8507872653882914
0.8473848747886167
0.8441857404094966
0.8411289739040787
0.8382920009435303
0.8356082440367621
0.8330686683552154
0.8307456618524689
0.8285576178010189
0.8265695131273102
0.8247098432290907
0.8229694606190369
0.821394527812584
0.8199207822619639
0.8185809983418133
0.817326752867131
0.816155310481431
0.8150751865338138
0.8140504334202919
0.8130818500671921
0.8121622568890402
0.8112913085813908
0.8104356277064593
0.8096085597276608
0.8087649975534232
0.8079363990798084
0.8070974727183001
0.8061966271922973
0.805287496763282
0.8042894722734526
0.8032414185307496
0.8021692942416118
0.8009697171681975
0.7997270632325605
0.7983367165293863
0.7968932671607026
0.7953664640147282
0.7936671635381882
0.7919032297888091
0.789962116050021
0.7879528870376866
0.7858501584697113
0.7835716214386889
0.7812263688578923
0.778724943331783
0.776165949245389
0.7735529142123198
0.7708298624280274
0.768068711443394
0.7652689262361999
0.7624678424560595
0.7596744521481098
0.756944116239817
0.7542777605555195
0.7517431118427083
0.7492741796841058
0.7468752235762587
0.7446485419639467
0.7425021524370495
0.7405614899447247
0.7387019246280397
0.7369227544492603
0.7353121438962603
0.7337782755282113
0.7323972193701563
0.7310864083238924
0.7298615501290904
0.7287557452935566
0.727703784591143
0.7267088286047338
0.7258077748279205
0.7249571052784116
0.7241726074282302
0.7234215044293514
0.7227028221710524
0.7220173993594096
0.7213469345707755
0.720683206366655
0.7200266879580152
0.7193762208221713
0.7187010895488636
0.7180179732961315
0.7172891195971801
0.716531474098211
0.7157550681409632
0.7149083845985668
0.7140320253369653
0.7130726241557375
0.7120787175154033
0.7110368045113504
0.7099022511964596
0.7087296636635475
0.7074684828779653
0.7061728783081369
0.7048465319471362
0.7034480465848215
0.7020187736269495
0.700547230221258
0.6990709237654954
0.6975969650181333
0.6961285953267857
0.6946811951497579
0.6932806693386055
0.6919208241739526
0.6906080764483935
0.6893820001181699
0.6882137578793378
0.6871556999321985
0.6861619717537012
0.6852346942334073
0.6844193930479826
0.6836692034039604
0.6830264200339642
0.6824454553180382
0.6819258062303535
0.6815041761300603
0.681131169371021
0.6808329000314747
0.6805792030510648
0.6803695344336222
0.6802152961207623
0.6800952888771938
0.6800082895621953
0.6799415813744752
0.6798972854853694
0.6798648374197326
0.6798380437933927
0.6798037498979573
0.6797768896482913
0.679757250589367
0.6797039568394083
0.679644713020346
0.6795182074409392
0.6793725088757103
0.6792121447253933
0.6789752530123416
0.6787095080338551
0.6783518419967806
0.6779583529970467
0.6775093276249524
0.6769491012506778
0.676343548235355
0.6756211398750241
0.6748499910018259
0.6740303434250203
0.673088531624966
0.6720796829856845
0.6709575744630232
0.6697894178190296
0.6685775165513159
0.6672742910964687
0.6659358733219107
0.6645385306334751
0.6631215946459099
0.6616925337381971
0.660267649649819
0.658850852394392
0.6574833130493803
0.6561403841380362
0.6548416332292808
0.6536325863713345
0.6524612740979341
0.6513904610590057
0.6503600249813087
0.6493704778716486
0.6484825667481962
0.6476352473642841
0.6468828805598571
0.6461819945711094
0.6455176392935574
0.6449335460042276
0.6443805619619001
0.6439028220207765
0.6434499454830654
0.6430211143116137
0.6426379056994297
0.642271754431328
0.6419350662273668
0.6416094885174642
0.6412946582211512
0.6409886145977348
0.6406796034184599
0.6403602779845237
0.6400368512883369
0.6397086657847538
0.6393527009358386
0.6389829541376013
0.6385652796699929
0.6381273686033793
0.6376691356298783
0.6371540558895828
0.63660363447999
0.635989964540119
0.6353466027659624
0.634673984154753
0.6339342368480805
0.6331637983829544
0.6323261100050622
0.6314604825282656
0.6305718949263728
0.6296419770359418
0.6286978661916752
0.6277367877624352
0.6267754902650637
0.6258212153843647
0.6248916981479494
0.623983017071925
0.6231256764646748
0.6223014641600177
0.6215203194071686
0.6208148833161651
0.620152340647535
0.6195725401901802
0.6190383039230744
0.6185566093404288
0.6181578030726483
0.6178029972427663
0.617524727452044
0.6172872869269589
0.6170903845657908
0.6169579148082664
0.61686330070012
0.616815443057135
0.6167922177799098
0.6167960557495706
0.6168347564428717
0.6168943176581528
0.6169722786710531
0.6170605546644803
0.617160592320683
0.6172629124802778
0.6173718392154584
0.617461465765798
0.6175469355721016
0.6176307354739686
0.6176830753729922
0.6177249371576136
0.6177209824114304
0.617699143015077
0.6176421600231938
0.6175185001915763
0.6173691827964046
0.6171439957156905
0.6168711095072569
0.6165602610207371
0.616161812420364
0.6157229494403762
0.6151892304538721
0.6146110930694691
0.6139768067164616
0.6132449455625191
0.612467552821936
0.611592266198013
0.6106760989879141
0.6097217163173159
0.6087047617822384
0.6076616317231142
0.6065968660279187
0.6055276237769773
0.6044615992220151
0.60345309618843
0.6024715567460661
0.6015703794079511
0.6007072103662933
0.5998848087310602
0.5991584415710896
0.5984765840475376
0.5979020796346536
0.5973712874485455
0.5968839500863747
0.5964839382307091
0.5961330700883866
0.5958596586854829
0.5956293899260382
0.5954399402643451
0.595304069132642
0.5951899367028268
0.5951268174233938
0.5950888711255947
0.5950677291588605
0.595075996798539
0.5951005318118584
0.5951446175129603
0.5951995794879081
0.595262218733673
0.5953233158261165
0.5953846663895062
0.5954348809127806
0.5954814930425818
0.5955236683919264
0.5955382470679617
0.5955381284927818
0.5954929923743056
0.595429124249693
0.5953482030343412
0.5952185050715145
0.5950667076448111
0.5948614269270951
0.5946234303035777
0.594359110038608
0.5940401540455842
0.5936979426473822
0.5933059080455284
0.592893421767198
0.5924560470906358
0.5919828879976291
0.5914995586793522
0.5909987533036355
0.5904953652030552
0.589996638557383
0.58950875371992
0.5890353620645252
0.5885914482970254
0.5881707970374657
0.5877762375110437
0.5874284838173675
0.5871116700360733
0.586848895976389
0.5866155186989823
0.5864143006389532
0.5862672210492993
0.586151374699015
0.5860852650779627
0.5860460813091236
0.5860322965800085
0.5860535856490949
0.5860938343048433
0.586161191865877
0.5862428420199941
0.5863341436534606
0.5864329103439394
0.5865340159061521
0.586631899250426
0.5867262218939767
0.5868122397840293
0.5868722925465429
0.5869154504709195
0.586923187787813
0.5869094178184758
0.5868718546688967
0.5867775147130674
0.5866498461417027
0.5864580157142764
0.586228482334646
0.5859594251878215
0.5856073310533005
0.5852091821810794
0.5847285869678717
0.584201388371118
0.5836279974263693
0.582971386295272
0.5822746728791844
0.5815230604122038
0.5807533024913868
0.5799779785893289
0.5792253004610778
0.5785053802992305
0.5778697849364727
0.5772931284869969
0.5767811898811706
