3.0000005704179618
3.0000005704179618
2.9979302437896247
2.989478386717588
2.975671686311533
2.9584283989767903
2.939037507194541
2.9182605088116484
2.897659612054051
2.876180108301784
2.854060810417783
2.8314614683472867
2.808492812327622
2.7852339688056515
2.7621571213527236
2.7398363924475673
2.7176105596098457
2.694276964317218
2.669797489665296
2.644287146682081
2.6178784598820823
2.5906901377292937
2.5628228969238367
2.5343613515052623
2.505376753416107
2.4764678990804727
2.4471078508248945
2.4173449494050563
2.387220868910562
2.3567717271514352
2.3260289816441126
2.2950201577334095
2.2641936867875496
2.2331217141328352
2.2018252827727314
2.1703230975993146
2.1386318413541945
2.107134861753555
2.0754582400811543
2.0436154494923735
2.0116186486884104
1.9794788383989217
1.9475315774252229
1.915458729810297
1.8833333568988369
1.8512674784329306
1.8193918428885305
1.7880240621286732
1.7570484826974224
1.726554521306799
1.696606571928801
1.6672576665902523
1.6385490973174397
1.6105123045058665
1.5832297861997768
1.5566400216270015
1.5307475616084905
1.5055478056993026
1.4810327747769434
1.4571919407666654
1.4340128443917715
1.4114810881494522
1.3895961299028572
1.3683220314641484
1.347641028332746
1.3275343053701614
1.3079832775496434
1.2889697312954542
1.2704757047149289
1.2524835471637519
1.2349800883128288
1.2179434926998778
1.201357334079927
1.185205515765253
1.1694725656975258
1.1541436191760233
1.1392043924949957
1.1246411359875021
1.1104406033913108
1.0965910009666875
1.0830789988136638
1.0698928711975286
1.0570213328419402
1.044453587915637
1.043941764757755
1.0436032065248475
1.04352038449155
1.0436265910729516
1.0438751506678792
1.0439616924698734
1.044039585996968
1.043996649922305
1.0436828443140977
1.0431244696257675
1.0421558876297397
1.040695007467731
1.0387687512602097
1.0362133933340565
1.0328159780630157
1.028643327377843
1.0233884630495436
1.0172669624673625
1.0102605272617096
1.0020390675266315
0.9929324053285622
0.9846882996475018
0.9776472989228658
0.9717725528140655
0.9675146644876932
0.9642718902982095
0.9624273261631336
0.9613302117139664
0.9608920613114227
0.9615652901111376
0.9627397011804302
0.9647569158892559
0.967110739116271
0.9697276582988125
0.9728998086291627
0.9761483531199088
0.979597507123288
0.982936706751708
0.9861005242976443
0.9890913654957987
0.9917382393534817
0.9939727321942142
0.9958032176176976
0.997112425477372
0.9977912426477257
0.9979044624359814
0.9973810559253893
0.9963635316998373
0.9949298850232439
0.9932361574084512
0.9913397197993336
0.9894649712881969
0.9876086853897835
0.9858880359228439
0.9844959313747565
0.983247949666006
0.9823655936187526
0.9816100440423956
0.9809584468870879
0.980548475670488
0.980210121819585
0.9799321192961374
0.9795414956272727
0.978985034285232
0.9782480632523296
0.977209616152865
0.9757255376433441
0.9738156358233275
0.9714762317593343
0.9684393595388725
0.9648473704307365
0.9604266426924855
0.9554215919674215
0.9498752330615634
0.944631819688924
0.94009763285923
0.9366419157675188
0.9339073641846849
0.9318520322628865
0.9307473835882679
0.930194716680649
0.9304611927063098
0.9311968773892347
0.9323248823304799
0.9340382690716419
0.9360046246216241
0.9383674599324991
0.9408429342676807
0.9434353213437161
0.9461775577165106
0.948885596877483
0.9515843621027784
0.9541574233158054
0.9566151237226432
0.9589067604910998
0.9610119262055457
0.9629273281272261
0.9646913640441295
0.9663307112966038
0.9678734111209251
0.9693431031114259
0.9708531834660258
0.9723568213394191
0.973863853003519
0.9754915136597819
0.9771323614374419
0.9789264716542506
0.9807762630039027
0.9826220112455931
0.9846023192644794
0.9865705216667627
0.9886180143026427
0.9906028483238074
0.9924989327878659
0.9943669382361228
0.9960603302192433
0.9975333770207585
0.9987293411266499
0.9996095027888457
1.0000535827451857
1.0000905950991568
0.9995667476177134
0.9985688654914194
0.9971242930979992
0.9950351393597437
0.9924767011143767
0.9895163865866453
0.9863483884565297
0.983255001504874
0.9806159966198194
0.9783702171194641
0.9765270032781814
0.9752936335124982
0.9743964433545934
0.9740611373084463
0.9739804622624196
0.9741209013315365
0.9746195247301971
0.9752521448391196
0.9761157367862701
0.9770563671872522
0.9780018355555078
0.9789931295589351
0.9799066114091578
0.9807465654511163
0.9814399589821481
0.9820055540704565
0.9823954089256899
0.9826030053527613
0.9826390530670205
0.9825252976354427
0.98228785253703
0.9820082119532251
0.9816850391972666
0.9814403839518062
0.9812583550112148
0.9811219851596674
0.9811702757951678
0.9812846998174342
0.9816390548911097
0.9820460354928624
0.9824981484295378
0.9830938978208782
0.9836922768179985
0.984349697709094
0.9849837314612918
0.9855275032869522
0.9859726368584585
0.9862495918539281
0.9863024795369483
0.9861109486253022
0.9856777676306292
0.9848570393463354
0.9836965176457181
0.9820476848260015
0.9800108969852079
0.977577295918377
0.9746148291018405
0.971359796240799
0.9682452965355857
0.9655150270194144
0.9632047849877136
0.9615174088073364
0.9602160495600233
0.9594836293417448
0.9590625832838386
0.9589241333781162
0.9592077489879406
0.9597044017553327
0.9605510655365667
0.9615273347003156
0.962597888844329
0.9638247149645499
0.9650747054129716
0.9664079075545033
0.9677012016193264
0.9689340296672563
0.9701064490140823
0.9711816199234605
0.9721562469933276
0.9730337278622962
0.9738273143890066
0.9745505801174944
0.9752178967691228
0.9758963713137995
0.9765659331389124
0.977238359572105
0.9779933728126815
0.9787726661903607
0.9796744451837169
0.9806365254658481
0.981621656851846
0.9827281488521963
0.9838556397615938
0.9851169974269213
0.9863756252474358
0.9876169526724333
0.9888750230468575
0.9900632219676117
0.9911738027008616
0.992175875180938
0.9930130692553708
0.9936261065985871
0.9940074288001051
0.9940692780369293
0.9938432777043625
0.9933135868063201
0.9923675195038536
0.9911208742718868
0.989466360050743
0.9875491416717945
0.9854701324758868
0.9834369188853438
0.9815661359482366
0.980074967381553
0.9788592528077042
0.9778977250068275
0.977322003816895
0.9769507577747187
0.9769057582109553
0.9770110551889675
0.9772696372783076
0.9777393654663695
0.9782771030637892
0.9789367887623136
0.979605727388159
0.980261613858372
0.9809214124592058
0.9815156437766492
0.9820673503431396
0.9825176272580581
0.9828622493117974
0.9831006602838352
0.9832360492102551
0.9832898833271624
0.9832752218526828
0.9832302688384987
0.9832000896026053
0.9831648979724591
0.9832176473144936
0.9833006179462884
0.9834201507691331
0.9836999501933656
0.9840200577895358
0.9844654724147823
0.9849362936853371
0.9854228562568323
0.9860093271528172
0.9865741693868827
0.9871423738619814
0.9876399424541679
0.988046801162074
0.9883669698447217
0.9885387869306366
0.9885089517691432
0.9882768621859715
0.9878451646601822
0.9870991469648989
0.9860870294796403
0.984696577902606
0.9830138790412956
0.9810593943659333
0.9787814415743876
0.9764689240679884
0.9744908044028663
0.9728017520310975
0.9714081692518227
0.9704418836979175
0.9697263725580131
0.9693798922297158
0.9692331869852662
0.9692665880000636
0.9695741415928325
0.9700102572243553
0.9706639830579576
0.9713854219647808
0.9721504619539908
0.9729994635672906
0.9738470640652345
0.9747082149080945
0.9755263533488194
0.9763063676890648
0.9770285202514096
0.9776793790963146
0.9782641587510692
0.9787892224713343
0.97927501773336
0.9797302107037649
0.9801602959633567
0.9806148090026588
0.9810777932385969
0.9815550492015823
0.9821117663046774
0.9827137860015973
0.9834151443714002
0.9841369463804169
0.9848788899782863
0.9857138780233963
0.9865631383214137
0.9874765354224935
0.9884004254490691
0.9892984050061713
0.9901818634824417
0.9909930727598483
0.9917138521163393
0.9923100649980084
0.9927621267277338
0.9930357604431475
0.9931162040599374
0.9929298118130525
0.9925126112323703
0.9918564980837955
0.9908825470713496
0.9896899819851025
0.9882339414950918
0.9866705943199691
0.9851048233462251
0.9837233575134228
0.9825172655664794
0.9816222758951504
0.9809138670613431
0.9803934817879307
0.9801436824877429
0.9800317308123343
0.980140712640647
0.9803445091562332
0.9806269632894723
0.9810596880680832
0.9815239512202227
0.9820540300663039
0.9825737783530929
0.9830665864066108
0.9835382368691572
0.9839477803415875
0.9842926905667451
0.9845590107801864
0.9847452974742782
0.9848733350060624
0.984931830256512
0.9849498117007761
0.9849313250385812
0.984892854187693
0.9848918785358759
0.9849205791410911
0.9850353461277851
0.985179923071355
0.9853554829585578
0.9856327334544902
0.98593762935164
0.9863308304354071
0.986734927291512
0.9871398071100247
0.9876002319863761
0.988027470148503
0.9884300700126873
0.9887587755720982
0.9889974351729
0.9891371882057665
0.9891420104067092
0.9889599949245124
0.988603101879165
0.9880739874229553
0.987276181754705
0.9862581556367267
0.9849295356153416
0.9833796494571743
0.9816317824739321
0.9798443386276656
0.9782215151526927
0.9769303099731683
0.9758672593713185
0.9750215869300409
0.9744853725442517
0.9741243234069543
0.9740286541807223
0.9740837320114257
0.9742623650110205
0.9746288419649368
0.9750747159548343
0.9756453665053985
0.9762481757276341
0.9768855073843964
0.9775632360569675
0.9782239102578953
0.9788728046034654
0.9794761763213817
0.9800275868956456
0.9805256627920709
0.9809800191649642
0.9813859686193691
0.9817501709014252
0.9820819608380994
0.9824077491433402
0.9827254898770607
0.9830941511241882
0.9834782983085169
0.9838802979714673
