3.0000005704179618
2.999992947782916
2.995911417370148
2.9851179130434495
2.9695313277371964
2.9510117460233407
2.9321114686547167
2.91170081807877
2.89027378814733
2.868133003946628
2.845472567191756
2.8224222536206978
2.7990720007727385
2.776200358241124
2.753645340475418
2.731686394761117
2.7089719264913366
2.6851083177266983
2.6602477987169206
2.634861188883513
2.6093836195451154
2.584398149693708
2.55933983698319
2.533978386473145
2.508291603944237
2.4825877992004237
2.457124651357596
2.4322545689397517
2.4075576268105108
2.382842382100466
2.3580713499518557
2.33344460811134
2.3091377986570176
2.2851786166651786
2.2617065671207572
2.2384113917656356
2.2152164045003317
2.192140600375679
2.1693236040292776
2.147001660608545
2.124995837518502
2.103186979483038
2.081508202629462
2.060032102537092
2.0388478632668243
2.0181048539761406
1.9976452154790987
1.9773795710335598
1.9572676846606794
1.9373742312875395
1.9177663491436006
1.8985479571897446
1.8795917372741344
1.8608285473007646
1.8422295478003967
1.8238444986879858
1.8057238087462102
1.7878749379505192
1.7702669751263014
1.7529454537552438
1.7358237798493221
1.7188910221502187
1.7021487343261394
1.6856278992978702
1.6693417787238938
1.653281089311108
1.6374256948850332
1.621818412835209
1.6064029103541178
1.5911697266115121
1.576115158608243
1.5612558031383728
1.5465996185896884
1.532141859072167
1.5179103264580727
1.503854989682853
1.4899613868684722
1.476226944302456
1.4626684799240786
1.4493253625315878
1.4361625798884305
1.4231582954552373
1.4102969832288692
1.3975897794466159
1.3935534180365592
1.3897345124162446
1.3862255930986622
1.3829673270693825
1.3797862511297083
1.376453042015759
1.3730685170269705
1.369567144401022
1.365961352240947
1.3625534830858295
1.3593269084080553
1.3560633321041504
1.3524931200930776
1.3484690101638812
1.3437876532163429
1.3387681237011566
1.333148763452804
1.327144766741805
1.3207368624778606
1.313644345643933
1.3061730829433293
1.2978490268976277
1.2891919767311542
1.2802335311558626
1.271093355610629
1.2620364165462157
1.2534502029963368
1.2452670996662787
1.2376689122865592
1.2309828291119138
1.2248055513798182
1.2195198047627869
1.2148720623782834
1.2109146697143873
1.2078886898907792
1.2054411027987308
1.2034636736658186
1.2013349404939888
1.1987793627553915
1.1960359267436866
1.1932370105927694
1.1904181896903847
1.187507953062861
1.1843538431585285
1.1806948843577387
1.1766593277021355
1.1720864162593232
1.1672615203338546
1.1622336826850521
1.1569612067677333
1.151596893765924
1.14610681298893
1.1407077536324695
1.1354808337083613
1.13059066316088
1.1259037297844299
1.1216019044069314
1.11754304242227
1.113682045799675
1.1101059650295624
1.1067101662210699
1.1035394570644999
1.1004232703429988
1.0972546276150938
1.0939962750027985
1.0906082345437893
1.0869749960405004
1.0831472848579926
1.0790882467761003
1.074635235027368
1.0699071678392142
1.064691160594069
1.059313634846341
1.0538365191332753
1.0484800328228732
1.0433679336724686
1.0388468152173416
1.0347604719641719
1.0311892463907304
1.0283791325911162
1.0259753009461965
1.0242812427467658
1.0229865182738802
1.0220802918524687
1.0217514320464993
1.0216634746163018
1.0220083937230937
1.0226092124851818
1.0233613541051716
1.024378189051536
1.0254543091535928
1.0265876832308811
1.027650109900574
1.0286438855066278
1.0295295245073979
1.030235570952434
1.030806040189582
1.0311990050059305
1.0314612238685457
1.0315983861381206
1.0316957325102087
1.0318050044640734
1.031856007908871
1.0318574423576112
1.0320057139453034
1.0322345130916768
1.0326172499647208
1.0330227845263866
1.0335154201512442
1.0342416871560633
1.0350110157265366
1.0358635368138696
1.036674128905566
1.0374328320133497
1.0381828907040802
1.0387775861261275
1.0391458157198181
1.0392596089670838
1.039176903249448
1.0387818548417593
1.0381293712708297
1.0369921070864074
1.035516844217516
1.0336964426716473
1.0313548266022419
1.0287418123888508
1.025881134929885
1.0225936275682082
1.0189407240524413
1.0148384762923173
1.0107588299333996
1.0068463906621927
1.0032966890380912
0.9999884964867918
0.9972337610584945
0.9948752852789237
0.9929396314382507
0.9915299412883094
0.9903054443296595
0.9892317531983308
0.9882413408618966
0.9873284026442057
0.9865758743063326
0.9858491280289534
0.9850599825527909
0.9840481794436177
0.9828698858163613
0.9815101014969024
0.9800505555008546
0.9784347889340702
0.9768064292159773
0.9750611026221933
0.9731943256314697
0.971226243146044
0.9692038193370848
0.9672481684936327
0.9654407066332533
0.9638345760188299
0.9623769746709746
0.9611268860991266
0.9600057787834775
0.9590699132602543
0.9583926586949115
0.9578226495676584
0.9573772236520526
0.9569997276081129
0.956632168689274
0.9562849927169735
0.9558871740341975
0.9553652942473949
0.9547383592623438
0.9539358121937301
0.9528367028633945
0.9514968538177637
0.9497479617443616
0.9477173494807873
0.9454181909203428
0.9426865135922161
0.9397167502944268
0.9365331113709214
0.9335185216864524
0.93074139735325
0.9284514178217304
0.9264620652481692
0.9249722363208748
0.9238006481377123
0.922938720331283
0.9225338663083277
0.922376612812253
0.9226090781125796
0.9230661892046309
0.9236850067877844
0.9245778978780536
0.9256058026777529
0.9267692992570435
0.927993897362755
0.9292511601338127
0.9305319857201836
0.9317316007729792
0.9328557293736252
0.9338632214756803
0.934795361686205
0.9356266357956555
0.9363751196591886
0.9370720053025351
0.9377096821642156
0.9383198504898813
0.9389919678901316
0.9397019112901402
0.9405260786863437
0.9413928993185594
0.9423125934552566
0.9433883001792313
0.9445286994124513
0.9457771168581194
0.9470386515552514
0.9483004268323347
0.9495878008695029
0.9508355332119294
0.9519961881693519
0.9530191614018027
0.953882408840581
0.9545496695137391
0.9550482888443249
0.9552705918330695
0.9552741202459838
0.9550372281644012
0.9544433004396071
0.9536173890670011
0.9524547800388928
0.951130643147254
0.9495755767297596
0.9476522699593488
0.9454883731853964
0.9431394141052905
0.9408039918818873
0.9385355164009228
0.9365209135221653
0.9346972455346639
0.9332557631208022
0.9320672658583997
0.931168987336916
0.9307562392963712
0.9308585079036955
0.9316897494882636
0.9334180642112256
0.9359251393639813
0.9389169480663974
0.9421085687423248
0.945399766022893
0.9487003862060304
0.9519027169502973
0.9548591481959843
0.9574977267115936
0.9597080630733794
0.9615492046993731
0.9630962959935778
0.9644053963256446
0.9656151569075335
0.9667096606695221
0.9677493060571778
0.9687255434119564
0.969648044063408
0.9705621569008559
0.9714753019729598
0.9723416316727423
0.9731399387806994
0.9738974943739578
0.9746837435702467
0.9755191622972987
0.976358597612175
0.9771455388051759
0.9778781896766461
0.9785379510712053
0.9790967726488231
0.9795875115190973
0.9800252507261731
0.9803992620632835
0.9806832108892459
0.9808746394384714
0.9810036822726824
0.9811162588298695
0.9813288161112714
0.9816589957411265
0.9822081085279274
0.9829494087909644
0.9838942056127458
0.9851865518590651
0.9867336515024608
0.9886541373579266
0.9908492281429584
0.9933207788751742
0.9961567764894127
0.9992501219095414
1.0026747176458985
1.0063114243398774
1.010168055069237
1.014292740030802
1.0186062807211014
1.0231131447095692
1.0277677490320098
1.0324979390765447
1.0372636925475152
1.0420253490455988
1.0467429793773466
1.0513279265811077
1.055758677151781
1.060043336260837
1.064175236526153
1.0681979251929896
1.072083046247758
1.0758461226117855
1.0795307831375138
1.0831356299349972
1.0867304148423387
1.0902773338929999
1.0937772098995444
1.0972881162309336
1.1007680486108848
1.1042128306011725
1.1075736574122055
1.110884332322184
1.1141124626452072
1.1171984364378813
1.120133480680986
1.122916690575217
1.125531529765148
1.127857770862741
1.1299498403611277
1.1317316273943079
1.1332956779755967
1.1346231473242412
1.1356104234372493
1.136329196504638
1.136663761378378
1.1367584310650145
1.136648219385405
1.136277345566935
1.1357245146457235
1.1348886146540442
1.1339408246352365
1.132923092754317
1.1317508742857354
1.130492489794559
1.1291121628467817
1.1277280391890818
1.1263735313516774
1.1250464973811485
1.1237419433064864
1.1223996586501095
1.1210662616434408
1.1197809176777773
1.118472266388045
1.1171325815284312
1.1156763724819094
1.1141457425649122
1.1125422355719148
1.110815767936422
1.1090227902187275
1.1072757122532373
1.1056201795380347
1.1040907169294667
1.1027983353303321
1.1016592560564173
1.1008146306433728
1.1001458212118114
1.0996474371730651
1.0994316998854223
1.0993715529116903
1.0995504917966223
1.0998669764364015
1.100308999986768
1.1009252140778092
1.1016167551706166
1.1024151009634429
1.103270043721013
1.1041432770919382
1.1050271947904715
1.1058870131889413
1.1066549228159719
1.1073719688107304
1.107991538507172
1.1084420509939557
1.1087724610238752
1.108869799616353
1.1088037275084384
1.1085611980967829
1.1080571994957626
1.1074180101237272
1.1066115155452279
1.1057481230809614
1.1048568463060866
1.103921871165897
1.103081794302164
1.1023837356007284
1.1018344625407177
1.1014173492618131
1.1012022661382677
1.1011420667800265
1.1012838783833938
1.1015983467832755
1.1020494873455597
1.1026708342683933
1.1033957354811286
1.1042357714786801
1.1051359156923308
1.1060577804204619
1.1070179154799742
1.107982039115053
1.1090040958816927
1.1100655714071321
1.1111668661617407
1.1123890836820038
1.1136890957840815
1.1151439468110185
1.1166994512246147
1.118357095419075
